[.####.#.] (3,4,5,7) (2,4,5,6,7) (1,4,7) (1,3,4,7) (1,2,3,4,5,7) (7) (1,2,3,6) (0,1,3,6,7) {4,59,39,250,242,220,26,250}
[.###...##.] (1,2,3,4,5,6,7,8,9) (1,5) (0,1,3,4,5,6,7,8,9) (4,8,9) (0,6,7,9) (1,6,8) (0,1,2,5,6,7,8) (0,1,2,3,5,7,8,9) (1,2,4,5) {27,79,30,21,45,59,54,36,50,43}
[.##...#.] (4,7) (2,5,7) (0,1,4,6,7) (1,4) (0,3,4,5,6,7) (0,1,2,3,4,5,7) (0,1,2,3,4,6) (2,3,5,6,7) {39,35,37,41,50,41,32,59}
[##...#..#.] (4,5,9) (0,1,2,5,6,7,8,9) (0,1,4,5,6,7,9) (0,1,2,5,6,8) (0,1,2,3,5,7) (1,2,3,4,5,6,8,9) (0,1,3,4,5,6,7,8,9) (3,4,8) (0,4,7,9) {95,92,58,36,67,94,85,76,66,85}
[#...#.#..] (0,1,2,4,5,7,8) (0,4,6) (0,1,2,7,8) (1,7,8) (1,2,3) (0,5,7,8) (0,1,4,5,6,7) (1,2,5,7,8) {29,31,23,6,15,27,7,37,37}
[.##...] (1,3,4) (0,1,3) (3,5) (0) (0,1,2,5) (2,3,4) {197,208,200,41,31,185}
[###.....#] (0,1,2,3,4,8) (0,3,4,7) (0,1,2,4,5,6,7) (2,3,4) (0,4) (1,2,3,7,8) (0,2,3,6,8) (0,2,4,5,7) (0,1,4,5,6,7,8) {96,144,192,187,85,25,25,163,160}
[.#.#....] (1,2,3,4,5,6,7) (1,3) (1,2,3,4,5,7) (1,7) (0,1,2,3,4,6,7) (0,2,4,5,6) {14,53,36,43,36,33,24,35}
[###..#..#] (1,4,5,6) (0,3,7) (1,6,7) (1,2,3,4,8) (0,4,7) (3,4,7) (2,3,5,8) {31,22,11,32,31,8,13,41,11}
[.###] (3) (0) (1,3) (1,2) (0,2,3) {27,22,15,214}
[...#..#.] (0,2,3,5,6) (1,3,5,6) (5,7) (0,4,7) (1,7) (0,1) (2,4) (0,2,3,4,5,6) (0,3,4,5,6,7) (0) {67,36,187,49,193,61,49,34}
[#.##] (1,3) (0,3) (0,2,3) {16,7,6,23}
[#####.##.] (1,5,8) (1,2,3,5,6) (2,4,8) (3,4,8) (2,4) (0,1,7,8) (2,3,6) (2,3,7,8) (4,7) {1,181,199,203,34,180,179,12,45}
[.#####] (0,1,3) (0,2) (0,3,4,5) (0,1,4) (0,4) {169,18,8,154,145,138}
[.#..###] (0,1,4) (1,2) (1,2,3,4,5,6) (0,3,5) (2,3) {25,44,31,27,28,27,15}
[...##.] (2,5) (3) (1,4) (0,1) (0,1,4,5) (4) (2,4,5) (1,2,3,4) {9,179,182,175,197,17}
[#####.] (0,1,3,4,5) (1,2,3,4) (3) (3,5) (1,5) (0,1,2,4) (2,5) (0,1,2,3) {3,34,20,46,23,25}
[#.##.] (0,1,3,4) (0,1,3) (0,2,3) {26,17,9,26,15}
[#....#.##] (4) (2,3,7) (2,3,4,7,8) (0,1,4,5) (2,3,5,6) (1,2,3,5,6,7,8) (0,3,5,7) {24,25,41,53,28,49,25,41,19}
[.#.#] (1,2) (0,2) (0,1,2) (3) {4,12,14,3}
[#.#.##.##.] (2,5,6,8) (0,1,2,3,4,5,7,8) (2,7) (0,2,3,6,8) (0,4,6,7,9) (0,1,3,4,5,8,9) (3,4,8) (0,1,5,8) {51,31,57,29,31,48,37,42,62,15}
[...#] (0,3) (0,2) (1,3) (0,1,3) {33,12,12,27}
[..##.#] (1,3) (0,5) (2,3,4) (0,1,3,4) (1,2,5) {120,125,31,124,124,27}
[#####.] (3,4,5) (0,1,2,4,5) (2,3,5) (0,1,5) (1,2,3) (0,2,4,5) (4,5) {25,16,31,24,56,65}
[#...#.#] (3,5,6) (0,1,2,5,6) (0,1,2,3,6) (4,6) (2,4,5,6) (0,1,2,3,4) (1,2,3) (0,1,2,4,5) (1,2,3,4,6) {214,228,229,233,221,30,46}
[##.#..] (1,2,3,5) (0,3,4,5) (1,2) (0,1,3) {12,30,24,19,6,13}
[.#..#] (0,2) (1,4) (0,1,3,4) (0,3,4) {38,18,11,27,34}
[###.] (3) (0) (0,1) (0,1,2) (1,2) {40,45,26,18}
[##..#.#..] (0,3,4,5,6,7,8) (1,2,4,5,6,7,8) (2,4,7) (0,1,4,6) (1,2,3,4,5,6,7) (1,3,4,5,6) (0,1,3,5,8) (0,1,4,8) {29,46,181,25,200,44,38,189,43}
[###.] (0,1,2) (0,1,3) {34,34,16,18}
[###.] (1,2) (0,2,3) (0,3) (0,1) {37,24,26,27}
[.###] (1,2,3) (0,2,3) {2,20,22,22}
[##...#.] (3,4,6) (1,2,4,5) (0,1,5) (1,6) (0,2,3,5,6) {25,202,32,23,15,37,208}
[.###.#.] (0,1,2,3,6) (2,3,5,6) (1,2) (3,5) (0,2,4,5,6) (1) {9,32,24,22,3,19,11}
[#.#...] (1,4,5) (0,3,4,5) (3,4) (2,5) {9,2,5,12,14,16}
[#..##.] (0,1,4,5) (1,2,5) (0,1,2,4) (3,5) {7,13,8,11,7,22}
[..##...] (2,3) (0,1,3,5,6) (2,4) (0,2,3,4,5,6) (0,5) {40,19,39,53,24,40,38}
[..#...#] (0,2,6) (1,3) (0,1,2,3,5,6) (1,3,4,5,6) (4,5,6) (1,2,3,4) {21,38,36,38,51,37,57}
[.#...##] (1,2,4,5) (0,2,3,4,5) (0,2) (0,5) (0,2,4,6) (1,5,6) {32,28,30,7,30,53,19}
[..#..#.#] (1,2,4,7) (1,4,5) (0,1,3,6) (0,1,2,4,6) (2,3,5,7) (0,3,4,5,6,7) {28,38,30,26,41,29,28,29}
[###......] (0,1,3,4,7) (1,2,3) (1,8) (2,7) (0,1,4,5,7,8) (0,1,3,6,7) (0,1,2,3,4,5,7) (0,1,4,7,8) (0,1,3,4,6,7,8) {79,90,29,62,67,23,26,90,42}
[#.####.] (0,2,3,4,5) (0,1,3,5,6) (0,3,4,5) (0,1,5,6) (2) (1,2,3,4,6) (0,1,3,4,5) (0,1,2,3) (0,6) {218,214,27,46,27,203,217}
[..##.##] (2,3) (1,4,5,6) (1,2,3,4,5,6) (0,1,2,5,6) (4,5) (0,1,2,3) (1,4) (0,1,3) (0,5) {54,68,36,54,47,59,26}
[.###] (0,1) (2,3) (0,2,3) {5,3,2,2}
[.##.#.#..] (0,1,4,5,6,7,8) (0,1,3,4,5,6,7) (0,1,2,4,5,7,8) (0,1,2,3,4,6,8) (0,1,3,4,5,7,8) (0,2,3) (5,7) {52,47,28,17,47,51,25,51,44}
[#.#.] (0,1) (2,3) (1,2) (0,3) (0,2) {41,21,42,32}
[###..#.#] (0,1,3,4,6,7) (1,2,3,4,5,7) (0,1,7) (1,4,5,6,7) (0,1,5,7) (5,6,7) (0,4) (1,5) (2,3,4,5) (1,4,7) {41,71,25,44,62,72,41,73}
[#.#..#.] (1,3,4) (0,1,3) (1,3,4,5,6) (1,2,3,5) (0,2,3,4,5) {24,48,15,55,30,29,14}
[#...##] (0,4,5) (3,4) (0,1,2,3,5) (1,2) (1) {13,28,18,18,19,13}
[...###..] (3,4) (0,2,5,6,7) (0,3,5,6) (0,1,2,3,5,7) (1,2,4,5,7) (0,1,3,4,5) (0,2) (2,6,7) (0,1,4,5,6,7) (2,3,4,5,6,7) {47,41,198,46,42,54,198,211}
[####.] (4) (0,1,3,4) (2,3,4) (1,2,3) (2) (0,3,4) (2,4) {26,16,36,38,59}
[#...####] (0,1,3,4) (4,5,6,7) (0,1,2,4,5,6,7) (0) (0,1,2,3,5,7) (0,2,3,7) (1,5) (0,2,3,4,6,7) {49,28,39,32,38,32,34,47}
[##.##....#] (1,5,9) (1,3,5,6,7,8,9) (1,2,4,5,8,9) (1,2,4,5,6,7) (1,3,5,6,7,8) (0,1,2,3,4,5,6,7,9) (0,1,3,4,6,7,8,9) (0,1,5,6,7,9) (2,4,6,7,8) {21,90,49,49,68,71,80,80,76,57}
[.#..#] (0,2,4) (0,2) (0,1,2) (1,4) (2,3,4) (1,2,3,4) {15,24,152,137,150}
[#...#....] (0,1,2,4,8) (0,1,4,5,6,7,8) (3,4,5,6,7,8) (1,3,7,8) (0,2,3,4,8) (2,3) (3,6,7) (0,1,4,5,7) (0,1,5,6) (2,7) (0,6,8) {168,159,52,44,171,151,138,166,165}
[.#.....###] (0,1,2,3,5,6,7,8,9) (0,2,3,4,6,7,9) (0,1,2,5,8) (0,1,3,7,8,9) (1,4,5,6,7) (0,1,3,8) (0,1,2,3,5,6,8) (0,1,3,4,5,6,7) (1,2,3,5) (1,3,4,5,6,7,8,9) {68,94,39,99,38,67,60,57,68,43}
[..#.#..#] (0,1,2,3,6) (4,6) (1,2,3,5) (2,3,7) (0,5,6) (0,1,4,6) (0,1,3,5) (1,6,7) (4,7) {48,68,35,53,11,30,45,23}
[#.##..] (0,1,3,4) (3,4,5) (2,3,4,5) (2,3) (4,5) (1,5) {0,1,26,27,23,24}
[..##...##] (4,8) (1,4,6,8) (3) (0,1,5) (5,7) (1,2,3,5,7,8) (2,3,4,5) (0) (1,3,4) (0,1,3,4,6,7,8) {141,169,24,159,142,61,118,140,139}
[#.#.....#] (6,8) (1,2,3,4,7,8) (1,6,8) (1,2,3,6,7) (1,2,3,5,8) (2,6) (3,4,5,8) (0,2) (1,2,3,4,5,6) {8,46,54,40,14,31,35,9,35}
[.#..##] (2,4,5) (0,1,3) (4,5) (0,1,5) (0,2,3,4,5) {29,9,34,25,46,50}
[..###] (1,2) (0,1,3) (1,3,4) {15,24,6,18,3}
[.#....#.] (6) (0,4,5) (1,2,4,6) (1,2,3,4,7) (0,1,2,3) (0,1,2,4,5,7) (0,4) (1,7) (0,3,7) {79,54,47,40,49,29,20,45}
[#.#....###] (0,1,2,3,4,5,6,8) (1,3,4,5,7,8,9) (1,2,3,5,6,7,9) (6,8) (6,7) (1,3,5,7,8) (0,1,2,3,6,8,9) (1,2,4,5,6,7,8,9) (0,1,2,3,5,6,8,9) (0,1,4,5,6,7,8,9) {16,45,16,32,31,45,200,213,36,39}
[...#.#.#.] (0,1,2,6,7) (0,1,3,4,5,7,8) (1,3,8) (0,1,3,4,6,7,8) (1) (0,2,4,6,7,8) (4) (3,5,7) (0,1,4,8) (1,4,6) (1,2,3,4,7,8) {144,182,5,37,178,21,31,34,152}
[#..##] (0,1,2,4) (0,3) (0,2,4) (0,2) (1,4) {150,15,134,16,27}
[####] (0,1,2) (3) (0,3) (0,1,3) (0,1) {13,8,0,19}
[..#...##] (2,3,4,5,6) (0,1,2,3,4,5,7) (0,4,5,6,7) (1,6,7) (0,1,2) (4,5,6,7) (1,3,4,5,6,7) {42,43,36,25,40,40,28,42}
[#..#] (0,1) (1,3) (1,2) (3) (0,3) (0,2) {18,8,22,7}
[.####.] (1,2,4,5) (0,2,3,5) (0,4,5) (0,2) {22,16,35,19,19,38}
[..##.#..##] (2,3,4,5,9) (2,3,4,6,8,9) (0,1,2,3,5,6,7,9) (3,5,6,9) (0,8) (0,3,4,5,6,9) (0,4,8) (1,3,7,8) (1,4,5,7,8) (0,3,4,5) (0,2,3,4,6,7) {48,17,205,254,252,66,210,20,219,223}
[#.#..##] (1,2,4,6) (2,5,6) (3,4) (1,3,4,5,6) (0,1,2,4,6) (0,5) (0,1,2,5) {23,33,31,17,38,27,31}
[...#..#.] (1,2,3) (1,4) (0,1,3,4,5,7) (0,7) (1,5) (1,7) (0,2,4,5,6,7) (0,4) (3) (4,5) {50,63,28,215,74,48,12,35}
[#.##...#..] (1,2,6,7) (0) (3,4) (0,1,2,5,7,8,9) (7,8) (0,1,2,3,4,6,7,8,9) (6,7,9) (1,2,4,5,7) (0,3,7) (1,3,4,5,6,7,8,9) (1,3,4,6,7,8,9) (0,1,2,4,6) {59,55,54,22,33,12,46,54,24,24}
[.#..####.#] (0,5,7,8) (2,3,4,8,9) (1,2,3,5,8) (0,1,3,4,5,7,8,9) (4,5,6,7,8) (0,2,3,5,8,9) (1,2) (0,1,2,3,6,8) (0,2,4,5,8) {51,220,237,76,38,63,17,28,87,51}
[.#.#] (1,2) (0,1,3) (2,3) {20,21,21,40}
[##..#.###] (0,2,3,6,7,8) (1,2,5,7) (0,1,2,3,6,7) (2) (0,4,5,8) (1,3,6,7,8) (1,4,5,7,8) (0,2,4,5,6,7) (0,1,2,4,6,7,8) (1,3,5) (1,4,6) {30,20,30,10,29,29,18,20,28}
[.##.....#.] (0,3,7,9) (2,7) (0,2,9) (2,3,8,9) (1,2,3,4,5,7,8,9) (4,7,8) (0,1,3,5,6,7,8) (5,8) (0,2,4,5,6,7,8) (1,7) {33,48,39,55,27,42,21,72,77,42}
[.....#.#] (0,5,7) (0,1,3,4,5,6) (0,1,2,3,6,7) (0,1,2,3) (1,3,4,6,7) (0,4,7) (0) (0,1,3,5,6,7) (1,3,4) {251,73,29,73,226,25,42,235}
[#.#.] (2,3) (0,1,2) (0,2) (0,1) (2) {22,22,17,3}
[#.####.###] (0,8,9) (0,2,4,5,6,8,9) (3,4,6,9) (0,1,4,5,6,7,8,9) (1,3,8) (0,2,3,4,5,7,8,9) (0,2,3,6,7) (0,1,2,4,5,6,7,8) (1,6,8) {194,152,168,56,168,163,169,164,198,62}
[.##.] (0,3) (2,3) (1,3) (2) {0,18,11,28}
[###..] (4) (1) (3,4) (2,3,4) (0,2,3) (0,2) {4,13,7,22,22}
[##...#.] (0,3) (2,4,5) (0,1,2,4) (0,5,6) (0,2,4,5,6) (1,4,6) (1,2,3) {38,22,50,32,31,41,26}
[.#.#.#] (1,4,5) (1,2) (3,4) (0,4,5) (0,2,4) (2,5) {30,15,41,8,46,44}
[#...##.] (1,2,3,4) (1,2,3,5) (5,6) (4) (0,1,6) (1,3,5,6) (0,2,3,5) (3) (1) {166,221,37,62,30,48,182}
[###.] (0) (0,2,3) (0,1,3) (1,3) {44,28,19,47}
[...#] (0,2) (0,1,3) (0,3) (2,3) (1,3) (1,2,3) {13,32,22,42}
[#...#..] (4,6) (2,3) (0,2,3,4,5,6) (0,1,2,5) (4,5,6) (1,2,3,5,6) (0,1,3,4,6) (2,3,4,5) {54,54,55,58,64,72,79}
[##..#] (0,1,2,3) (4) (2,3) (0,3,4) (0,1,4) (0,1) (1,3) {44,37,6,31,38}
[...#] (1,2,3) (1) (0,3) (0,2,3) (2) {15,16,25,27}
[###.] (0,3) (3) (0,1,2) (0,1) (2,3) (0,2) {47,34,28,7}
[#..#####.] (1,2,3,5,6,7,8) (1,3,8) (5,7) (0,1,2,3,4,6,7) (0,1,2,6,7,8) (0,2,3,4,5) (2,3) (1,2,5) (0,7) (0,7,8) {64,49,76,47,20,59,33,69,44}
[#.#.] (1,2,3) (1,2) (0,1,3) {1,29,28,10}
[#...] (2,3) (1,2) (0,1) (1,3) (0,2,3) {32,49,41,38}
[#..##.] (0,1,2,4) (1,3,5) (0,1,4) (1,3) {15,32,7,17,15,1}
[.#.....] (1) (0,1,3,4) (1,2,3,4,5,6) (1,5) (1,2,4,5,6) (0,1,2,3,4,6) (0,4,5) {44,91,44,41,78,72,44}
[###.] (1,2) (0,1,2) (1,3) (3) (0) (1) {126,156,143,19}
[##...####.] (1,2,5,6,7,8,9) (2,4,9) (3,4,6,7,8,9) (0,5) (0,1,2,7,9) (0,1,4,5,7,9) (1,3,8) (1,2,3,4,5,6,8,9) (1,2,3,4,6,8,9) (0,1,2,3,4,5,7,8,9) (0,1,3,4,5,6,7) (1,2,4,5,6,7,9) (0,1,2,3,4,5,8,9) {209,264,67,234,249,232,234,233,59,84}
[.####.#.#.] (0,1,2,4,5,6,7,8) (7,9) (1,2,3,4,5,6,7,8,9) (0,4,5,8) (5) (2,5) (2,3,9) (0,1,3,4,6,7,8) (7,8,9) (3,4) (0,1,3,5,7,8) (1,6,7) (0,1,2,3,4,5,6,8) {44,41,47,242,227,67,28,64,67,50}
[.#.##] (0,2) (0,1,2,4) (0,2,3) {149,3,149,1,3}
[######...] (3,4,5) (0,2,4) (0,1,2,3,5,7,8) (2,3) (1,8) (0,1,4,5,6,7,8) (0,4,5,6) (1,2,3,5,6,7,8) (3,4,7) (1,2,4,5,6,7) {36,155,136,54,176,174,155,159,46}
[#..#..#] (0,1,2,3,4,5) (0,1,3) (0,6) (0,4) (0,1,2,4,5) (1,2,3,4,5) {51,42,29,28,30,29,20}
[.##...#.] (0,1,3,4,5,6,7) (1,2,5,6) (0,3,6) (0,6,7) (1,2,4,5,7) (2,3,5,6) (1,2,4,7) {37,40,30,38,29,38,55,35}
[...#.#] (1,5) (1,3,4,5) (2,3,4,5) (0,1,2,3) (4) (2,3) {17,42,44,61,50,42}
[##..#.#.##] (1,3,4,5,6,7,9) (0,7) (0,1,2,3,6,8,9) (0,1,4,5,7,8,9) (4,5) (3,4,8) (0,1,3,6,8) (0,2,3,4,5,6,7) (1,3,8) (0,1,2,4,5,7,8,9) {29,36,19,44,68,49,23,44,38,33}
[....##..] (2,3,4,5) (4,5) (1,2,3,4,5,7) (1,2,7) (0,1,2,3) (0,1,3,4,6) {192,223,52,220,221,38,183,31}
[####..#.] (0,1,3,6) (0,1,2,5,6) (1,5) (0,3,5,6,7) (0,3,4,6,7) (1,2,3,4,6,7) (0,1,2,3,6,7) {192,58,36,209,187,25,211,206}
[#....#..##] (0,1,3,5,7,8) (1,2,3,6,9) (2,4,5,7,8) (0,1,2,6,7,8,9) (0,5,7) (1,2,6,7) (1,4) (5,8) (3) (4,5,7,8,9) (3,6) {34,63,49,39,27,42,41,55,51,28}
[....#] (0,1,3) (2,3) (0,1,3,4) {23,23,140,163,13}
[.#.#.] (0,4) (1,4) (0,2,4) (3,4) {31,17,12,1,49}
[##...#.#.] (0,1,4,5,6,8) (0,1,2,3,6,8) (0,4,5,6,7) (0,2,3,4,7) (0,2,3,6,8) (0,1,2,5,6,7,8) (1,3,7) (1,2,6) {63,53,45,43,41,35,66,49,33}
[#...#] (0,1,3) (2,3) (1,3,4) {144,160,9,169,16}
[....#] (2,3,4) (0,1,3) (0,2) (2) (1,2,3) (3,4) (0,1,2) {47,27,53,17,7}
[###.##..] (0,1,2,4,7) (2,3) (1,3,5,7) (0,1,2,3,7) (0,3,4,6) (0,1,7) (0,1,2,5,6,7) (0,1,2,7) (5,7) (2,6,7) {78,63,61,41,35,31,43,86}
[#.#.] (1,2,3) (0,2) {7,10,17,10}
[..#..#] (2,3,5) (0,1,3,4) (2,5) (1,3,5) (1,5) (0,2) (0,2,3,5) {37,37,36,52,8,56}
[#.#.#] (1,2) (3) (1) (4) (1,3,4) (0,2) (0,2,4) {6,31,11,37,40}
[.#.##] (2,3) (0,2) (0,3,4) (0,1,2,3) (0,1,2) {33,12,38,21,3}
[.#.#.###..] (0,3,4,5,6,7,9) (1,2,4,5,6,7,8) (4,5) (0,1,2,4,5,6,7,8) (0,1,4,5,6,8) (0,3,4,5,7,8,9) (1,6) (5,6,8) (1,4,6,8,9) (0,1,6) (0,1,2,4,5,7,8,9) {70,65,18,20,74,79,83,38,45,35}
[######..] (1,2,3,5,6,7) (0,1,3,6) (5,6) (0,2,3,7) (0,1,3,4,5) (0,1,2,3,4,5) (2,3,4,5,6) (0,1,2,4,5) {80,68,61,69,59,68,24,20}
[##.##] (0,1,2,3) (2,4) (0,1,2) (0,2,4) (1,3) {42,30,58,18,35}
[###.##] (0,2,3,4,5) (1,5) (0,1) (0,2,4) (2,3,4,5) (0,3,5) (0,3) {60,22,32,37,32,46}
[......#..] (0,2,3,4,6,7,8) (0,1,2,3,4,6,7) (1) (0,3,4,5,6,7) (0,1,2,3,4,5,6,8) (3,4,7) (0,1,2,3,5,7,8) (4,6,7) (5,6,7) (4,5,6,8) (1,4,6,7) {54,53,36,57,75,43,84,88,30}
[##.#.] (0,1,4) (1,3,4) (0,1,2) (0,3) (0,2) {61,47,26,34,33}
[##.#.##..#] (0,1,4,5,6,7,8,9) (0,2,4,5,6,7,8,9) (1,3,5,8) (0,2,5,9) (2,4,6,7,8) (1,5,9) (2,4,5,6,9) (0,2,4,8) (0,2,3,4,5,7,8,9) (0,1,2,3,4,5,6,7) (1,2,4,5,7,8,9) (2,4,7,8,9) {57,43,75,27,86,89,41,59,79,84}
[.###.] (1,3,4) (1,2,3,4) (0,1) (2,3,4) (1,2) (0,1,2,4) {33,78,54,44,64}
[..##.###.] (0,1,2,3,4,6,7,8) (1,4,8) (0,1,3,5,7,8) (0,2,3,4,6,8) (0,1,2,6,7,8) (2,3,4,5,6) (1,2,3,5,6,7,8) {45,61,52,48,14,37,52,60,66}
[#.#....] (1,2,5) (0,1,2,5) (0,2,4,5) (1,2,4) (0,3,4) (0,2) (0,3,4,6) {42,39,51,10,22,39,7}
[...#.#..] (1,4,5,6,7) (3,4) (0,1,2,3,6,7) (1,2,3,4,7) (0,2) (3,5) (3,4,6) (0,1,2,4,5,7) {11,33,27,49,58,22,23,33}
[..#.##....] (0,3,6,9) (4,8) (0,1,3,4,5,6,7,8) (2,8,9) (1,2,3,4,5,6,9) (2,3,4,6,7,8) (3,5,6,7) (0,2,3,5,7,9) (0,1,5) (0,1,5,6,8,9) (2,4,5,8,9) (1,2,3,5,6,7) (0,2,3,5,6,7,8,9) {53,36,77,93,48,74,81,65,59,69}
[#.##] (0,2,3) (0,1,3) {18,1,17,18}
[...##] (2,4) (0,1,4) (0,1,3) {13,13,19,7,25}
[#####.#] (3,4) (1,3,5,6) (1,2) (0,3,4) (5,6) (2,3,4,5,6) (0,1,6) (0,1,2,6) {32,46,27,51,32,39,57}
[#.##..] (0,2) (1,2,3,4) (1,3) (2,3,5) (0,1,3,4) (0,1,4) (0,2,3,5) (1,3,4,5) {31,51,31,70,47,37}
[##..#####] (0,1,2,4,5,7,8) (0,6,8) (1,2,5,6,8) (0,1,2,3,5) (0,1,4,6,7,8) (4,5,6) (1,3,4,5,7) (1,3,6,7) (2,4,6,7) (1,2,5,6,7,8) {22,31,32,13,37,30,63,36,31}
[...##.##.] (1,2,5,6,8) (0,5,8) (3,5,7,8) (3,7) (0,1,2,3,4,5,6,8) (0,4,7) (4,5,6,8) (0,1,2,4,5,7,8) {35,29,29,35,25,53,29,31,53}
[.#.#] (1,3) (0,2) {12,15,12,15}
[##..] (0,1,3) (2,3) (0,3) (0,2,3) (1) {137,24,113,150}
[.....##..] (0,4,8) (0,1,2,3,5,7) (0,3,4,7) (4,5,6,7,8) (3,5,6) (0,3,6) (0,1,3,4,5,6,7,8) (0,1,5,6) (0,7) (0,3,4,6,7) (0,1,2,4,5,6,8) {79,36,29,159,48,173,166,57,48}
[###.#..#] (1,2,3) (1,3,5,6,7) (2,4,5) (0,1,4,5,7) (0,2,3,4,5,7) (0,1,2,4,5,6) (0,2,3,5,7) {49,178,58,175,66,219,163,186}
[.##.#.###.] (0,2,3,7,8,9) (2,3,6,9) (0,1,3,5,7,9) (1,2,3,5,6,7,9) (0,4,5,6,7,8) (2,3,5,6,7) (0,2,3,5,7,9) (1,9) (0,1,2,3,4,6,7,9) (4,8) (0,1,3,4,5,6,8,9) {48,43,212,221,43,37,208,57,52,233}
[..####] (1,3) (0,2,3,5) (0,1,2,4) (0,2,4,5) (0,1,2,3) (4,5) (2,4) (2,3,4) {39,35,42,43,38,40}
[#.......##] (0,3,5,8) (3,5,6,7,9) (0,2,3,4,5,7,8,9) (5,6,7,9) (1,2,3,4,6,7,8,9) (1,3,4,5,7) (2,4,6,7,8,9) (4,6,8,9) (2,5,6) (2,4,5,6,7,9) (1,2,5,8,9) {10,39,64,53,66,84,87,81,57,97}
[##.##.] (0,1,2,4,5) (3,5) (0,1,2,5) (1,2,4,5) (0,1,3,4) (0,3,5) (1,4,5) {35,55,15,43,53,58}
[###..##] (5) (1,2,4,5) (1,2,4,6) (0,2,4) (0,1,2,3,4,6) (0,1,3,5,6) (0,3,4) {36,23,39,20,44,8,19}
[####..#.#] (0,3,4,6,7) (0,2,4,6) (0,1,2,3,6,8) (1,3,4,5,6,7,8) (1,2,8) (2,3) (5,6,8) {44,30,58,56,48,14,58,30,34}
[.###..#.#.] (4,5) (5,7) (0,5,6,8,9) (0,1,5,6,9) (0,1,2,4,5,6,7,8) (3,4) (0,1,3,4,6,7,8,9) (1,4,5,6,7,8,9) {50,49,13,39,68,60,50,45,33,37}
[.###] (0,2) (1,2,3) {10,5,15,5}
[.....###.#] (8) (1,3,4,6,7,9) (0) (1,2,4,5,6,7,8) (0,1,2,3,6,7) (2,4) (1,5) (1,2,6,8,9) (5,7) (0,2,4,5,8) (0,1,2,3,4,6,7,9) (1,2,3,5,7,8,9) {56,71,69,41,42,57,54,65,54,33}
[.###..###.] (9) (0,1,2,6,8) (2,3,6,7,8) (0,5) (0,1,3,5,6,7,8,9) (2,3,4) (1,2,4,5,6,8,9) (2,4,5,7,8) (1,3,5,6,7,8,9) (4,6,9) (0,7) (1,9) (1,2,3,6,8) {13,198,37,182,23,175,187,173,188,200}
[##.#] (1,3) (0,1,3) (1,2) {132,156,13,143}
[#.#.] (0,2) (1,3) (1) (0,2,3) {20,20,20,21}
[.#..#] (2) (0,1,2,3) (1,4) (0,2,3,4) {37,25,41,37,28}
[..###] (1,2,4) (0,2,4) (1,4) (1,2,3,4) (2,3,4) (0,2,3,4) {21,173,55,27,199}
[.######] (1,2,3,4,5) (0,1,3,4,6) (1,2,4,5,6) (0,1,5,6) (0,3) (1,5,6) (0,2) (0,1,2,5,6) {26,50,46,24,36,46,35}
[####...#.] (0,1,2,4,5) (1,2,3,8) (0,2,3,7,8) (0,1,2,3,4,7) (0,1,3,4,6,7,8) (0,2,4,7,8) (0,1,2,3,8) (1,3,5,6,8) (1,2,3,4,5) (0,4,5,7) (2,8) {79,112,108,105,73,50,29,50,93}
[.#.....#.] (0,1,4) (0,1,2,3,4,6,7,8) (3,4,5,6,7) (0,2) (0,2,3,8) (2,3,5,7) (0,1,4,5,7) (0,2,3,4,5,6,7,8) {59,31,58,47,41,41,24,55,22}
[...#.###] (0,1,2,3,6,7) (3,6,7) (0,3,7) (3,4) (2,3,4,6,7) (0,1,5,6) (1,2,3,4,6) (1,4,5) (0,2,5,6) {56,43,36,69,28,26,62,47}
[####] (0,2) (0,3) (1,3) {140,15,123,32}
[#.####..] (0,1,3,4,5,6) (1,2,3,5) (0,1,3,5,7) (0,1,2,4,5,6) (1,2,6,7) (1,2,3,4,5,6) {37,83,52,57,32,63,52,38}
[...####] (1,2,3,5,6) (0,3) (4,5) (0,3,6) (0,1,2) (0,3,5) (1,2,4,6) (3,4,6) {19,21,21,27,11,21,25}
[#.##.#....] (0,1,2,3,5,6,7,9) (0,4,5,6,8,9) (4,5,6,7) (0,2,3,4,5,6,8) (2,3,4,5,6,9) (0,1,2,4,5,7,8,9) (0,3,4,5,6,8,9) (1,3,6,7,8) (4,6,8) (5,7) (5) (7,8,9) {223,30,220,207,247,265,237,75,247,70}
[#...###] (0,1,3,4,6) (0,2,3,5,6) (2,3,4,6) (1,6) (1,2,3,5,6) (0,6) (2,6) {33,25,34,39,10,29,57}
[.#.#] (1,3) (0,2,3) {6,0,6,6}
[.##.#.##.] (2,8) (0,3,4,5,6,7) (1,5,7) (1,2,3,4,6,7,8) (0,1,5,6,7,8) (7) (1,2,3,5,7,8) (2,3,4,6,8) (0,1,2,3,4,7,8) (1,3,4,6,7) {33,50,43,60,47,52,60,71,56}
[.##.##.] (0,2,4,5) (1,3,4) (0,1,3,6) (1,2,3,5,6) (1,2,5) {16,18,20,14,12,20,12}
[##.#.] (0,3,4) (1,2,4) (0,1,3,4) (2) {25,22,30,25,37}
[#.#.] (0,2) (0,1,3) (0,2,3) (1,3) (0,3) {53,27,23,47}
[#.#.] (1,3) (0,2) {130,11,130,11}
[##.###.##.] (0,1,2,3,4,5,6,9) (0,1,2,4,5,7,8,9) (0,1,7,8) (1,2,3,4,6,7,8,9) (2,3,4,9) (0,1,2,4,6,7,8) (0,1,2,6,9) (3,4,6,7,9) {192,205,215,194,220,167,203,62,42,228}
[..##.#.] (0,4,6) (1,3,6) (1,2,3,5,6) (2,4,5,6) (0,1) (0,2,3,5) (2,3,5) {27,40,42,31,24,42,48}
[#..##.###.] (0,1,2,3,4,5,7,8) (4,6) (1,4,5,8) (0,2,3,5,6,7,8,9) (0,3,4,5,7,9) (0,2,5,6) (2,4) (1,9) (0,1,2,3,4,5,7,8,9) (0,1,3,4,6,7,8,9) {85,62,60,70,99,89,54,70,67,56}
[#......#.] (0,3) (0,2,5,6,7) (0,1,3,4,5) (1,2,8) (0,2,3,5,6,7,8) (2,3,6,7) (0,1,2,4,5,6,7,8) (0,2,3,4,5,7,8) {184,40,181,192,160,167,39,170,161}
[......#..#] (6,9) (1,2,4,5) (0,1,2,3,4,5,6,7,9) (1,2,4,5,7,8,9) (1,3,4,5,7,8) (0,5,6) (1,2,4,5,6,7,8) (0,1,3,4,6,7,8,9) (0,2,3,7,8,9) (3,4,5,6) (1,2,3) {51,219,199,197,90,83,89,79,61,67}
[#..#.##] (2) (2,4) (0,1,2,3,6) (4,5) (3,6) (3) (0,5) (0,1,3,4,6) (0,2,3,6) {28,11,34,182,16,6,175}
[...###.] (1,6) (0,6) (1,2,3,5) (3,4,5) (0,1,2,5,6) (0,2,3,4,5) {40,23,39,41,35,54,24}
[..#.#...#.] (0,1,2,3,4,5,6,8,9) (1,2,3,4,5,6,7) (1,6,7,8) (4,6) (3,7,9) (0,1,2,3,5,6,9) (2,3,4,7,8) (0,2,4,6,7,8,9) {30,17,49,49,64,13,53,57,49,47}
[.#.#.#####] (1,2,3,8) (0,3,4,5,6,7,8,9) (2,3,6,7,9) (1,3,4,6,7) (1,5,6) (4,5,8,9) (9) (1,3,4,6,8,9) (1,2,3,6,7,8) (4,5,6,7) (1,2,4,6,8,9) (0,1,7,9) {29,88,45,47,54,54,83,64,64,75}
[#.#....] (3) (0,2,3,4,5) (0,2,5) (0,1,2,3,4) (0,1,2,4,5) (0,1,2,3,4,5) (0,1,2,5) (0,2,3,5,6) (3,5) {176,55,176,158,167,160,0}
[#.##] (2) (3) (0) (1) (0,3) (2,3) {23,13,26,41}
[.#.#.###.#] (0,1,2,3,4,7,8,9) (0,1,3,4,5,6,8,9) (0,1,3,4,5,6,7,8) (0,1,2,3,4,5,6,8) (0,1,6,7,8,9) (2,7,9) (0,1,3,5,9) (2,5,7,8,9) (1,3,5,6,7,9) (8,9) (3,7) (7) {56,60,59,60,49,58,37,237,71,73}
[#.###.] (1,2,3,5) (2) (0,2,3,4) (1,2,3,4) (2,5) (1,2,4,5) (1,3,4) (1,4) {19,52,66,51,63,27}
[#...#.....] (0,1,2,3,6,8,9) (1,2,3,6) (1,2,3,4,5,8) (1,2,3,5,6,9) (1,3,4,5,6,7) (2,3,4,5,7,8,9) (0,2,3,5,7,8,9) (0,1,2,4,5,7,8,9) (0,1,3,4,5,6,7,9) (6,7,8) (0,3,4,5,6,7,8,9) (0,2,5,8,9) (3,6) {50,57,75,78,55,95,55,80,68,85}
[.###.##.] (0,1,2,3,5,6) (0,1,2,3,4,6) (0,4,6) (0,7) (2,3,4,6,7) (0,5) (0,2,3,4,5,6) (1,3,4,7) (0,2,5) (0,1,2,3,6,7) {76,46,205,204,176,48,186,189}
[.....#] (2,4,5) (2,4) (0,2,3) (1,3) (1,3,4,5) (0,1) (0,2,3,5) {29,38,45,59,39,53}
[.####.#..#] (3,4,5,7) (0,1,2,5,6,8) (0,2,4,5) (0,2,4,7) (0,1,4,6,7,8,9) (0,1,2,3,4,6,8) (0,1,2,3,5,6,8) (0,2,3,5) (0,1,2,4,5,6,7) (0,3,4,9) {113,64,81,75,89,72,64,39,49,32}
[.#....] (4,5) (0,2,3) (0,2,4,5) (1,3) (1,2,3,4) {15,12,15,21,13,13}
[.#...] (0,2) (3) (1) (1,3) (0,3) (1,4) {2,16,2,19,13}
[#.##.###.#] (0,2,3,5,6,7,9) (0,4,5,6,7,8,9) (4,7,9) (4,5,6) (2,5) (0,2,6,9) (0,1,2,3,4,5,6,7) (0,1,6,8,9) (1,3,5,6,7,8,9) {82,38,65,44,57,91,109,66,38,79}
[.###.] (1,2) (0,3,4) (1,2,3) (0,4) {4,199,199,198,4}
[##.##] (2,3) (2) (0,3,4) (1,2) {18,9,10,19,18}
[#.#...##.] (0,1,4,5,7,8) (0,1,3,4,5,7) (1,2,3,6,7,8) (2,4,7) (1,2,4,5,6,7,8) (0,1,2,5,6,8) (1,2,4,5,6,8) (0,1,3,5,6,7,8) (0,3,5) {80,99,70,57,72,105,67,79,82}
[#....##.] (0,2,3,4,5,6) (5) (2,3) (1,2,3,4,5) (0,1,2) (0,3,6,7) (1,5) (2,3,5,7) (4,6) {24,43,57,44,34,52,18,0}
[#.#.###] (0,3) (0,1,2,5) (1,2,3) (2,3,6) (1,4,5) (0,2,4,5,6) (1,3,4,5,6) {33,45,41,22,31,49,22}
[#.##.#..##] (1,4,6,8) (0,1,3,4,8,9) (0,2,3,5,8,9) (1,2,3,4,6,7,8,9) (0,1,2,3,4,5,7,8,9) (2,6,7,8,9) (0,1,2,6,7,8) (1,4,5,9) (1,3,4,5,6,8) {23,42,43,33,42,36,30,31,53,63}
[##..##.#] (0,2,5) (1,5) (1,3,4,5,6,7) (2,6) (0,2,3,4,5,6,7) (0,2,7) (3,7) (4,6) (0,2,5,6,7) {211,19,229,18,28,60,60,202}
[##..##] (0,3,4) (2) (0,1,2,4) (0,1,2,5) (0,2,3) {152,128,166,24,7,127}
[##.##.] (3,4,5) (2,4,5) (0,2,4) (1,2) (1,2,3,5) (2,3) (2,3,4,5) {0,17,178,41,169,185}
